[
    [
        0.48597242035187826,
        2.3004926108374386,
        2.7025316455696204,
        1.6228070175438596,
        1.9403669724770642,
        2.8157894736842106,
        2.3947368421052633,
        2.861111111111111,
        2.4188034188034186,
        2.796774193548387,
        1.8461538461538463,
        2.4107142857142856,
        2.16260162601626,
        3.7777777777777777
    ],
    [
        2.3004926108374386,
        0.5151148730350665,
        2.6204819277108435,
        3.1875,
        2.0163934426229506,
        2.163972286374134,
        2.7685185185185186,
        3.0,
        3.15625,
        2.8823529411764706,
        -1.0,
        1.6875,
        2.1707317073170733,
        2.9019607843137254
    ],
    [
        2.7025316455696204,
        2.6204819277108435,
        0.7167262614223282,
        2.25,
        2.584507042253521,
        2.346049046321526,
        3.0118343195266273,
        3.25,
        2.6666666666666665,
        3.032,
        2.769230769230769,
        4.0,
        2.4857142857142858,
        3.40625
    ],
    [
        1.6228070175438596,
        3.1875,
        2.25,
        0.3511450381679389,
        2.1710526315789473,
        2.9047619047619047,
        2.2222222222222223,
        -1.0,
        2.25,
        2.2857142857142856,
        1.0,
        4.0,
        2.28,
        -1.0
    ],
    [
        1.9403669724770642,
        2.0163934426229506,
        2.584507042253521,
        2.1710526315789473,
        0.5674620390455531,
        2.0825688073394497,
        2.8,
        2.9,
        2.1515151515151514,
        3.175438596491228,
        1.0,
        1.8571428571428572,
        2.5,
        2.7216494845360826
    ],
    [
        2.8157894736842106,
        2.163972286374134,
        2.346049046321526,
        2.9047619047619047,
        2.0825688073394497,
        0.4381981981981982,
        2.776255707762557,
        1.3333333333333333,
        2.4516129032258065,
        2.5254237288135593,
        1.3333333333333333,
        2.1052631578947367,
        2.2580645161290325,
        2.663793103448276
    ],
    [
        2.3947368421052633,
        2.7685185185185186,
        3.0118343195266273,
        2.2222222222222223,
        2.8,
        2.776255707762557,
        0.41689623507805323,
        2.388888888888889,
        2.75,
        2.725,
        -1.0,
        1.8,
        2.5428571428571427,
        3.3333333333333335
    ],
    [
        2.861111111111111,
        3.0,
        3.25,
        2.6666666666666665,
        2.9,
        1.3333333333333333,
        2.388888888888889,
        0.5587467362924282,
        2.6,
        1.1538461538461537,
        2.6666666666666665,
        3.0,
        3.5,
        -1.0
    ],
    [
        2.4188034188034186,
        3.15625,
        2.6666666666666665,
        2.25,
        2.1515151515151514,
        2.4516129032258065,
        2.75,
        2.6,
        0.16541353383458646,
        3.857142857142857,
        -1.0,
        2.076923076923077,
        2.1538461538461537,
        1.0
    ],
    [
        2.796774193548387,
        2.8823529411764706,
        3.032,
        2.2857142857142856,
        3.175438596491228,
        2.5254237288135593,
        2.725,
        1.1538461538461537,
        3.857142857142857,
        0.46224607129168266,
        2.625,
        2.0,
        1.75,
        2.710526315789474
    ],
    [
        1.8461538461538463,
        5.0,
        2.769230769230769,
        1.0,
        1.0,
        1.3333333333333333,
        3.0,
        2.6666666666666665,
        3.0,
        2.625,
        0.5454545454545454,
        2.142857142857143,
        3.6666666666666665,
        5.5
    ],
    [
        2.4107142857142856,
        1.6875,
        4.0,
        4.0,
        1.8571428571428572,
        2.1052631578947367,
        1.8,
        3.0,
        2.076923076923077,
        2.0,
        2.142857142857143,
        0.49049429657794674,
        1.5,
        1.0
    ],
    [
        2.16260162601626,
        2.1707317073170733,
        2.4857142857142858,
        2.28,
        2.5,
        2.2580645161290325,
        2.5428571428571427,
        3.5,
        2.1538461538461537,
        1.75,
        3.6666666666666665,
        1.5,
        0.2871046228710462,
        2.3333333333333335
    ],
    [
        3.7777777777777777,
        2.9019607843137254,
        3.40625,
        3.4,
        2.7216494845360826,
        2.663793103448276,
        3.3333333333333335,
        -1.0,
        1.0,
        2.710526315789474,
        -1.0,
        1.0,
        2.3333333333333335,
        0.6720867208672087
    ]
]